2694,6,0
2695,7,0
2696,8,0
2697,9,0
2698,10,0
2699,11,0
2700,12,0
2758,6,0
2759,7,0
2760,8,0
2761,9,1
2762,10,0
2763,11,0
2764,12,0
2822,6,0
2823,7,0
2824,8,0
2825,9,1
2826,10,1
2827,11,0
2828,12,0
2886,6,0
2887,7,0
2888,8,0
2889,9,1
2890,10,1
2891,11,1
2892,12,0
2950,6,0
2951,7,0
2952,8,0
2953,9,1
2954,10,1
2955,11,1
2956,12,1
3014,6,0
3015,7,0
3016,8,0
3017,9,1
3018,10,1
3019,11,1
3020,12,1
3078,6,0
3079,7,0
3080,8,0
3081,9,1
3082,10,1
3083,11,1
3084,12,1
3142,6,0
3143,7,0
3144,8,0
3145,9,1
3146,10,1
3147,11,1
3148,12,1
3206,6,0
3207,7,0
3208,8,0
3209,9,1
3210,10,1
3211,11,1
3212,12,1
3270,6,0
3271,7,0
3272,8,0
3273,9,2
3274,10,1
3275,11,1
3276,12,1
3334,6,0
3335,7,0
3336,8,0
3337,9,2
3338,10,1
3339,11,1
3340,12,1
3398,6,0
3399,7,0
3400,8,0
3401,9,2
3402,10,1
3403,11,1
3404,12,1
3462,6,0
3463,7,0
3464,8,0
3465,9,2
3466,10,1
3467,11,1
3468,12,1
3526,6,0
3527,7,0
3528,8,0
3529,9,2
3530,10,2
3531,11,1
3532,12,1
3590,6,0
3591,7,0
3592,8,0
3593,9,2
3594,10,2
3595,11,1
3596,12,1
3654,6,0
3655,7,0
3656,8,0
3657,9,2
3658,10,2
3659,11,1
3660,12,1
3718,6,0
3719,7,0
3720,8,0
3721,9,2
3722,10,2
3723,11,1
3724,12,1
3782,6,0
3783,7,0
3784,8,0
3785,9,2
3786,10,2
3787,11,2
3788,12,1
3846,6,0
3847,7,0
3848,8,0
3849,9,2
3850,10,2
3851,11,2
3852,12,1
3910,6,0
3911,7,0
3912,8,0
3913,9,2
3914,10,2
3915,11,2
3916,12,1
3974,6,0
3975,7,0
3976,8,0
3977,9,2
3978,10,2
3979,11,2
3980,12,1
4038,6,0
4039,7,0
4040,8,0
4041,9,2
4042,10,2
4043,11,2
4044,12,2
4102,6,0
4103,7,0
4104,8,0
4105,9,2
4106,10,2
4107,11,2
4108,12,2
4166,6,0
4167,7,0
4168,8,0
4169,9,2
4170,10,2
4171,11,2
4172,12,2
4230,6,0
4231,7,0
4232,8,0
4233,9,2
4234,10,2
4235,11,2
4236,12,2
4294,6,0
4295,7,0
4296,8,0
4297,9,2
4298,10,2
4299,11,2
4300,12,2
4358,6,0
4359,7,0
4360,8,0
4361,9,2
4362,10,2
4363,11,2
4364,12,2
4422,6,0
4423,7,0
4424,8,0
4425,9,2
4426,10,2
4427,11,2
4428,12,2
4486,6,0
4487,7,0
4488,8,0
4489,9,2
4490,10,2
4491,11,2
4492,12,2
4550,6,0
4551,7,0
4552,8,0
4553,9,2
4554,10,2
4555,11,2
4556,12,2
4614,6,0
4615,7,0
4616,8,0
4617,9,2
4618,10,2
4619,11,2
4620,12,2
4678,6,0
4679,7,0
4680,8,0
4681,9,2
4682,10,2
4683,11,2
4684,12,2
4742,6,0
4743,7,0
4744,8,0
4745,9,2
4746,10,2
4747,11,2
4748,12,2
4806,6,0
4807,7,0
4808,8,0
4809,9,0
4810,10,0
4811,11,0
4812,12,0
4870,6,0
4871,7,0
4872,8,0
4873,9,1
4874,10,0
4875,11,0
4876,12,0
4934,6,0
4935,7,0
4936,8,0
4937,9,1
4938,10,1
4939,11,0
4940,12,0
4998,6,0
4999,7,0
5000,8,0
5001,9,1
5002,10,1
5003,11,1
5004,12,0
5062,6,0
5063,7,0
5064,8,0
5065,9,1
5066,10,1
5067,11,1
5068,12,1
5126,6,0
5127,7,0
5128,8,0
5129,9,1
5130,10,1
5131,11,1
5132,12,1
5190,6,0
5191,7,0
5192,8,0
5193,9,1
5194,10,1
5195,11,1
5196,12,1
5254,6,0
5255,7,0
5256,8,0
5257,9,1
5258,10,1
5259,11,1
5260,12,1
5318,6,0
5319,7,0
5320,8,0
5321,9,1
5322,10,1
5323,11,1
5324,12,1
5382,6,0
5383,7,0
5384,8,0
5385,9,2
5386,10,1
5387,11,1
5388,12,1
5446,6,0
5447,7,0
5448,8,0
5449,9,2
5450,10,1
5451,11,1
5452,12,1
5510,6,0
5511,7,0
5512,8,0
5513,9,2
5514,10,1
5515,11,1
5516,12,1
5574,6,0
5575,7,0
5576,8,0
5577,9,2
5578,10,1
5579,11,1
5580,12,1
5638,6,0
5639,7,0
5640,8,0
5641,9,2
5642,10,2
5643,11,1
5644,12,1
5702,6,0
5703,7,0
5704,8,0
5705,9,2
5706,10,2
5707,11,1
5708,12,1
5766,6,0
5767,7,0
5768,8,0
5769,9,2
5770,10,2
5771,11,1
5772,12,1
5830,6,0
5831,7,0
5832,8,0
5833,9,2
5834,10,2
5835,11,1
5836,12,1
5894,6,0
5895,7,0
5896,8,0
5897,9,2
5898,10,2
5899,11,2
5900,12,1
5958,6,0
5959,7,0
5960,8,0
5961,9,2
5962,10,2
5963,11,2
5964,12,1
6022,6,0
6023,7,0
6024,8,0
6025,9,2
6026,10,2
6027,11,2
6028,12,1
6086,6,0
6087,7,0
6088,8,0
6089,9,2
6090,10,2
6091,11,2
6092,12,1
6150,6,0
6151,7,0
6152,8,0
6153,9,2
6154,10,2
6155,11,2
6156,12,2
6214,6,0
6215,7,0
6216,8,0
6217,9,2
6218,10,2
6219,11,2
6220,12,2
6278,6,0
6279,7,0
6280,8,0
6281,9,2
6282,10,2
6283,11,2
6284,12,2
6342,6,0
6343,7,0
6344,8,0
6345,9,2
6346,10,2
6347,11,2
6348,12,2
6406,6,0
6407,7,0
6408,8,0
6409,9,2
6410,10,2
6411,11,2
6412,12,2
6470,6,0
6471,7,0
6472,8,0
6473,9,2
6474,10,2
6475,11,2
6476,12,2
6534,6,0
6535,7,0
6536,8,0
6538,10,2
6539,11,2
6540,12,2
6598,6,0
6599,7,0
6600,8,0
6602,10,2
6603,11,2
6604,12,2
6662,6,0
6663,7,0
6664,8,0
6666,10,2
6667,11,2
6668,12,2
6726,6,0
6727,7,0
6728,8,0
6730,10,2
6731,11,2
6732,12,2
6790,6,0
6791,7,0
6792,8,0
6794,10,2
6795,11,2
6796,12,2
6854,6,0
6855,7,0
6856,8,0
6858,10,2
6859,11,2
6860,12,2
6918,6,0
6919,7,0
6920,8,0
6922,10,2
6923,11,2
6924,12,2
6982,6,0
6983,7,0
6984,8,0
6986,10,2
6987,11,2
6988,12,2
7046,6,0
7047,7,0
7048,8,0
7050,10,3
7051,11,2
7052,12,2
7110,6,0
7111,7,0
7112,8,0
7114,10,3
7115,11,2
7116,12,2
7174,6,0
7175,7,0
7176,8,0
7178,10,3
7179,11,2
7180,12,2
7238,6,0
7239,7,0
7240,8,0
7242,10,3
7243,11,2
7244,12,2
7302,6,0
7303,7,0
7304,8,0
7306,10,3
7307,11,2
7308,12,2
7366,6,0
7367,7,0
7368,8,0
7370,10,3
7371,11,2
7372,12,2
7430,6,0
7431,7,0
7432,8,0
7434,10,3
7435,11,2
7436,12,2
7494,6,0
7495,7,0
7496,8,0
7498,10,3
7499,11,2
7500,12,2
7558,6,0
7559,7,0
7560,8,0
7562,10,3
7563,11,3
7564,12,2
7622,6,0
7623,7,0
7624,8,0
7626,10,3
7627,11,3
7628,12,2
7686,6,0
7687,7,0
7688,8,0
7690,10,3
7691,11,3
7692,12,2
7750,6,0
7751,7,0
7752,8,0
7754,10,3
7755,11,3
7756,12,2
7814,6,0
7815,7,0
7816,8,0
7818,10,3
7819,11,3
7820,12,2
7878,6,0
7879,7,0
7880,8,0
7882,10,3
7883,11,3
7884,12,2
7942,6,0
7943,7,0
7944,8,0
7946,10,3
7947,11,3
7948,12,2
8006,6,0
8007,7,0
8008,8,0
8010,10,3
8011,11,3
8012,12,2
8070,6,0
8071,7,0
8072,8,0
8074,10,3
8075,11,3
8076,12,3
8134,6,0
8135,7,0
8136,8,0
8138,10,3
8139,11,3
8140,12,3
8198,6,0
8199,7,0
8200,8,0
8202,10,3
8203,11,3
8204,12,3
8262,6,0
8263,7,0
8264,8,0
8266,10,3
8267,11,3
8268,12,3
8326,6,0
8327,7,0
8328,8,0
8330,10,3
8331,11,3
8332,12,3
8390,6,0
8391,7,0
8392,8,0
8394,10,3
8395,11,3
8396,12,3
8454,6,0
8455,7,0
8456,8,0
8458,10,3
8459,11,3
8460,12,3
8518,6,0
8519,7,0
8520,8,0
8522,10,3
8523,11,3
8524,12,3
8582,6,0
8583,7,0
8584,8,0
8586,10,3
8587,11,3
8588,12,3
8646,6,0
8647,7,0
8648,8,0
8650,10,3
8651,11,3
8652,12,3
8710,6,0
8711,7,0
8712,8,0
8714,10,3
8715,11,3
8716,12,3
8774,6,0
8775,7,0
8776,8,0
8779,11,3
8780,12,3
8838,6,0
8839,7,0
8840,8,0
8844,12,3
8902,6,0
8903,7,0
8904,8,0
8908,12,3
8966,6,0
8967,7,0
8968,8,0
9030,6,0
9031,7,0
9032,8,0
9094,6,0
9095,7,0
9096,8,0
9158,6,0
9159,7,0
9160,8,0
9222,6,0
9223,7,0
9224,8,0
9286,6,0
9287,7,0
9288,8,0
9350,6,0
9351,7,0
9352,8,0
9414,6,0
9415,7,0
9416,8,0
9478,6,0
9479,7,0
9480,8,0
9542,6,0
9543,7,0
9544,8,0
9606,6,0
9607,7,0
9608,8,0
9670,6,0
9671,7,0
9672,8,0
9734,6,0
9735,7,0
9736,8,0
9798,6,0
9799,7,0
9800,8,0
9862,6,0
9863,7,0
9864,8,0
9926,6,0
9927,7,0
9928,8,0
9990,6,0
9991,7,0
9992,8,0
10054,6,0
10055,7,0
10056,8,0
10118,6,0
10119,7,0
10120,8,0
10182,6,0
10183,7,0
10184,8,0
10246,6,0
10247,7,0
10248,8,0
10310,6,0
10311,7,0
10312,8,0
10374,6,0
10375,7,0
10376,8,0
10438,6,0
10439,7,0
10440,8,0
10502,6,0
10503,7,0
10504,8,0
10566,6,0
10567,7,0
10568,8,0
10630,6,0
10631,7,0
10632,8,0
10694,6,0
10695,7,0
10696,8,0
10758,6,0
10759,7,0
10760,8,0
10822,6,0
10823,7,0
10824,8,0
10886,6,0
10887,7,0
10888,8,0
10950,6,0
10951,7,0
10952,8,0
11014,6,0
11015,7,0
11016,8,0
11078,6,0
11079,7,0
11080,8,0
11142,6,0
11143,7,0
11144,8,0
11206,6,0
11207,7,0
11208,8,0
11270,6,0
11271,7,0
11272,8,0
11334,6,0
11335,7,0
11336,8,0
11398,6,0
11399,7,0
11400,8,0
11462,6,0
11463,7,0
11464,8,0
11526,6,0
11527,7,0
11528,8,0
11590,6,0
11591,7,0
11592,8,0
11654,6,0
11655,7,0
11656,8,0
11718,6,0
11719,7,0
11720,8,0
11782,6,0
11783,7,0
11784,8,0
11846,6,0
11847,7,0
11848,8,0
11910,6,0
11911,7,0
11912,8,0
11974,6,0
11975,7,0
11976,8,0
12038,6,0
12039,7,0
12040,8,0
12102,6,0
12103,7,0
12104,8,0
12166,6,0
12167,7,0
12168,8,0
12230,6,0
12231,7,0
12232,8,0
12294,6,0
12295,7,0
12296,8,0
12358,6,0
12359,7,0
12360,8,0
12422,6,0
12423,7,0
12424,8,0
12486,6,0
12487,7,0
12488,8,0
12550,6,0
12551,7,0
12552,8,0
12614,6,0
12615,7,0
12616,8,0
12678,6,0
12679,7,0
12680,8,0
12742,6,0
12743,7,0
12744,8,0
12806,6,0
12807,7,0
12808,8,0
12870,6,0
12871,7,0
12872,8,0
12934,6,0
12935,7,0
12936,8,0
12998,6,0
12999,7,0
13000,8,0
13062,6,0
13063,7,0
13064,8,0
13126,6,0
13127,7,0
13128,8,0
13190,6,0
13191,7,0
13192,8,0
13254,6,0
13255,7,0
13256,8,0
13318,6,0
13319,7,0
13320,8,0
13382,6,0
13383,7,0
13384,8,0
13446,6,0
13447,7,0
13448,8,0
13510,6,0
13511,7,0
13512,8,0
13574,6,0
13575,7,0
13576,8,0
13638,6,0
13639,7,0
13640,8,0
13702,6,0
13703,7,0
13704,8,0
13766,6,0
13767,7,0
13768,8,0
13830,6,0
13831,7,0
13832,8,0
13894,6,0
13895,7,0
13896,8,0
13958,6,0
13959,7,0
13960,8,0
14022,6,0
14023,7,0
14024,8,0
14086,6,0
14087,7,0
14088,8,0
14150,6,0
14151,7,0
14152,8,0
14214,6,0
14215,7,0
14216,8,0
14278,6,0
14279,7,0
14280,8,0
14342,6,0
14343,7,0
14344,8,0
14406,6,0
14407,7,0
14408,8,0
14470,6,0
14471,7,0
14472,8,0
14534,6,0
14535,7,0
14536,8,0
14598,6,0
14599,7,0
14600,8,0
14662,6,0
14663,7,0
14664,8,0
14726,6,0
14727,7,0
14728,8,0
14790,6,0
14791,7,0
14792,8,0
14854,6,0
14855,7,0
14856,8,0
14918,6,0
14919,7,0
14920,8,0
14982,6,0
14983,7,0
14984,8,0
15046,6,0
15047,7,0
15048,8,0
15110,6,0
15111,7,0
15112,8,0
15174,6,0
15175,7,0
15176,8,0
15238,6,0
15239,7,0
15240,8,0
15302,6,0
15303,7,0
15304,8,0
15366,6,0
15367,7,0
15368,8,0
15430,6,0
15431,7,0
15432,8,0